import numpy as np
ROBOT_CAMERA_POSES_DICT = {
    "austin_buds": {
        "robot_joint_angles_path": "/home/lawrence/xembody_followup/austin_buds_dataset/joint_states.txt",
        "robot_ee_states_path": "/home/lawrence/xembody_followup/austin_buds_dataset/ee_states.txt",
        "camera_position": np.array([0.8,0.,0.7]),
        "camera_orientation": np.array([[0.0000000,  0.93, -0.2],
                                    [1.0000000,  0.0000000,  0.0000000],
                                    [0.0000000, -0.2, -0.93]]),
        "camera_fov": 85,
        "camera_heights": 256,
        "camera_widths": 256,
    },
    "austin_sailor": {
        "robot_joint_angles_path": "/home/lawrence/xembody_followup/austin_sailor_dataset/joint_states.txt",
        "robot_ee_states_path": "/home/lawrence/xembody_followup/austin_sailor_dataset/ee_states.txt",
        "camera_position": np.array([0.65,-0.25,0.65]),
        "camera_orientation": np.array([[0.9145496,  0.3510393, -0.2009238],
                                    [0.3972287, -0.6859123,  0.6096998],
                                    [0.0762125, -0.6374134, -0.7667437]]),
        "camera_fov": 60,
        "camera_heights": 256,
        "camera_widths": 256,
    },
    "autolab_ur5": {
        # "robot_joint_angles_path": "/home/lawrence/xembody_followup/autolab_ur5_dataset/joint_states.txt",
        # "robot_ee_states_path": "/home/lawrence/xembody_followup/autolab_ur5_dataset/ee_states.txt",
        "robot_joint_angles_path": "/home/lawrence/xembody_followup/mirage_data/joint_states.txt",
        "robot_ee_states_path": "/home/lawrence/xembody_followup/mirage_data/cartesian_positions.txt",
        "camera_position": np.array([-0.07,0.35,0.3]),
        "camera_orientation": np.array([[-0.5,  -0.1, 0.6],
                                    [ -0.5,  0.1, -0.3],
                                    [-0.1, -0.9, -0.3]]),
        "camera_fov": 100,
        "camera_heights": 240,
        "camera_widths": 320,
    },
    "furniture_bench": {
        "robot_joint_angles_path": "/home/lawrence/xembody_followup/furniture_bench_dataset/joint_states.txt",
        "robot_ee_states_path": "/home/lawrence/xembody_followup/furniture_bench_dataset/ee_poses.txt",
        "camera_position": np.array([0.9,0.,0.15]),
        "camera_orientation": np.array([[0.0000000,  0.1352974, -0.9908050],
                                    [1.0000000,  0.0000000,  0.0000000],
                                    [0.0000000, -0.9908050, -0.1352974]]),
        "camera_fov": 45,
        "camera_heights": 180,
        "camera_widths": 320,
    },
    "hydra": {
        "robot_joint_angles_path": "/home/lawrence/xembody_followup/mirage_data/joint_states.txt",
        "robot_ee_states_path": "/home/lawrence/xembody_followup/mirage_data/cartesian_positions.txt",
        "camera_position": np.array([0.9,-0.1,0.55]),
        "camera_orientation": np.array([[ 0.3579176,  0.3432538, -0.8683731],
                                    [0.9318872, -0.1900738,  0.3089631],
                                    [-0.0590022, -0.9198091, -0.3879046]]),
        "camera_fov": 60,
        "camera_heights": 180,
        "camera_widths": 320,
    },
    "jaco_play": {
        "robot_joint_angles_path": "/home/lawrence/xembody_followup/viola_dataset/joint_states.txt",
        "robot_ee_states_path": "/home/lawrence/xembody_followup/viola_dataset/ee_states.txt",
        "camera_position": np.array([0.9,0.,0.25]),
        "camera_orientation": np.array([[0.0000000,  0.5, -0.6],
                                    [1.0000000,  0.0000000,  0.0000000],
                                    [0.0000000, -0.6, -0.5]]),
        "camera_fov": 70,
        "camera_heights": 256,
        "camera_widths": 256,
    },
    "mirage": {
        "robot_joint_angles_path": "/home/lawrence/xembody_followup/mirage_data/joint_states.txt",
        "robot_ee_states_path": "/home/lawrence/xembody_followup/mirage_data/cartesian_positions.txt",
        "camera_position": np.array([0.68,0.37,0.47]),
        "camera_orientation": np.array([[-0.87844054,  0.32722496, -0.34823273],
                                    [ 0.47077211,  0.46765169, -0.74811464],
                                    [-0.08195015, -0.82111249, -0.56485259]]),
        "camera_fov": 70,
        "camera_heights": 180,
        "camera_widths": 320,
    },
    "mutex": {
        "robot_joint_angles_path": "/home/lawrence/xembody_followup/mutex_dataset/joint_states.txt",
        "robot_ee_states_path": "/home/lawrence/xembody_followup/mutex_dataset/ee_states.txt",
        "camera_position": np.array([0.25,0.4,0.3]),
        "camera_orientation": np.array([[-0.9018481, -0.0713397,  0.4261228],
                                    [-0.4313895,  0.0940343, -0.8972517],
                                    [0.0239395, -0.9930097, -0.1155798]]),
        "camera_fov": 95,
        "camera_heights": 256,
        "camera_widths": 256,
    },
    "nyu_franka": {
        "robot_joint_angles_path": "/home/lawrence/xembody_followup/nyu_franka_dataset/joint_states.txt",
        "robot_ee_states_path": "/home/lawrence/xembody_followup/nyu_franka_dataset/ee_states.txt",
        "camera_position": np.array([0.05,-0.15,0.7]),
        "camera_orientation": np.array([[0.5, -0.1, 0.2],
                                    [-0.2, 0.1, 0.5],
                                    [0.0, -0.8, -0.6]]),
        "camera_fov": 100,
        "camera_heights": 256,
        "camera_widths": 256,
    },
    "roboturk": {
        "robot_joint_angles_path": "/home/lawrence/xembody_followup/roboturk/joint_states.txt", # Sawyer joint angles
        "robot_ee_states_path": "/home/lawrence/xembody_followup/roboturk/ee_states.txt",
        "camera_position": np.array([0.95,0.,0.1]),
        "camera_orientation": np.array([[0.0000000,  0.6, -0.8],
                                    [1.0000000,  0.0000000,  0.0000000],
                                    [0.0000000, -0.8, -0.6]]),
        "camera_fov": 60,
        "camera_heights": 240,
        "camera_widths": 320,
    },
    "taco_play": {
        "robot_joint_angles_path": "/home/lawrence/xembody_followup/taco_play/joint_states.txt",
        "robot_ee_states_path": "/home/lawrence/xembody_followup/taco_play/ee_poses.txt",
        "camera_position": np.array([-0.03,-0.67,0.87]),
        "camera_orientation": np.array([[   0.7582163, -0.3774976,  0.5316047],
                                       [-0.6439729, -0.3060159,  0.7011799],
                                       [ -0.1020143, -0.8739851, -0.4751245 ]]),
        "camera_fov": 70,
        "camera_heights": 150,
        "camera_widths": 200,
    },
    "toto": {
        "robot_joint_angles_path": "/home/lawrence/xembody_followup/toto_dataset/joint_states.txt",
        "robot_ee_states_path": "/home/lawrence/xembody_followup/toto_dataset/ee_poses.txt",
        "camera_position": np.array([0.35,-0.4,0.25]),
        "camera_orientation": np.array([[ 0.9635627,  0.2064777, -0.1700405],
                                    [0.2064777, -0.1700405,  0.9635627],
                                    [0.1700405, -0.9635627, -0.2064777]]),
        "camera_fov": 85,
        "camera_heights": 240,
        "camera_widths": 320,
    },
    "viola": {
        "robot_joint_angles_path": "/home/lawrence/xembody_followup/viola_dataset/joint_states.txt",
        "robot_ee_states_path": "/home/lawrence/xembody_followup/viola_dataset/ee_states.txt",
        "camera_position": np.array([1.1, 0.04, 0.458]),
        "camera_orientation": np.array([[-4.47034836e-08, 7.06147254e-01, -7.08065033e-01],
                                    [ 1.00000000e+00, 4.47034836e-08,  0.00000000e+00],
                                    [ 0.00000000e+00, -7.08065033e-01, -7.06147224e-01]]),
        "camera_fov": 55,
        "camera_heights": 256,
        "camera_widths": 256,
    },
}

# print(ROBOT_CAMERA_POSES_DICT.keys())